id,generation,prop_cooperators,avg_cohesion,avg_cohesion_cooperators,avg_cohesion_cheaters,avg_fit_coops,avg_fit_cheat,speed
1,0,0.5,2.0,2.0,2.0,1.0,2.0,1
1,1,0.4,2.0036121682620083,2.000713718791366,2.005544467909102,1.1701394339986013,2.1122793360418295,1
1,2,0.2,2.003754923128055,1.9919760122201635,2.006699650855028,1.0630489555746916,1.8862416003905258,1
1,3,0.2,1.99827372686166,1.9751266291743117,2.004060501283497,1.0928785795249496,1.7465536835839353,1
1,4,0.0,1.9998391302345482,nan,1.9998391302345482,nan,1.5470069852823722,1
1,5,0.0,1.990118679325525,nan,1.990118679325525,nan,1.2635742252816733,1
1,6,0.0,1.9880639296077718,nan,1.9880639296077718,nan,1.3131171287807697,1
1,7,0.0,1.9715432932536168,nan,1.9715432932536168,nan,1.220113618033619,1
1,8,0.0,1.9756480668869325,nan,1.9756480668869325,nan,1.1405662725780688,1
1,9,0.0,1.9811650877094298,nan,1.9811650877094298,nan,1.2736411387584663,1
1,10,0.0,1.9778726587205213,nan,1.9778726587205213,nan,1.1536732584738025,1
1,11,0.0,1.9655838451655234,nan,1.9655838451655234,nan,1.1762141010131995,1
1,12,0.0,1.9550187223342987,nan,1.9550187223342987,nan,1.189144925016667,1
1,13,0.0,1.957217697897058,nan,1.957217697897058,nan,1.2536300222519574,1
1,14,0.0,1.9570089384013873,nan,1.9570089384013873,nan,1.2553975641564126,1
1,15,0.0,1.9508488358616922,nan,1.9508488358616922,nan,1.3490428366675171,1
1,16,0.0,1.9472867502013536,nan,1.9472867502013536,nan,1.3247474477461463,1
1,17,0.0,1.9364175337559815,nan,1.9364175337559815,nan,1.3335548656131528,1
1,18,0.0,1.9264226218488143,nan,1.9264226218488143,nan,1.4645145895966194,1
1,19,0.0,1.9439534660581959,nan,1.9439534660581959,nan,1.3400502324169061,1
1,20,0.0,1.962347137218907,nan,1.962347137218907,nan,1.2376367760271942,1
1,21,0.0,1.9677060373779536,nan,1.9677060373779536,nan,1.2370717615144335,1
1,22,0.0,1.9752288751801519,nan,1.9752288751801519,nan,1.272052456037652,1
1,23,0.0,1.979715031572281,nan,1.979715031572281,nan,1.4318639507617366,1
1,24,0.0,1.9670390496892196,nan,1.9670390496892196,nan,1.2994829085260897,1
1,25,0.0,1.9764304795899021,nan,1.9764304795899021,nan,1.1462074845554653,1
1,26,0.1,1.9707308674630952,1.952667326801333,1.9727379275366244,1.0,1.7616807165518955,1
1,27,0.0,1.9871469122571583,nan,1.9871469122571583,nan,1.1668593156002713,1
1,28,0.0,1.9885378482458678,nan,1.9885378482458678,nan,1.2324968918526538,1
1,29,0.0,1.9862466165113226,nan,1.9862466165113226,nan,1.2386077928264723,1
1,30,0.0,1.9812640174655727,nan,1.9812640174655727,nan,1.2643370298960772,1
1,31,0.0,1.9797154069773897,nan,1.9797154069773897,nan,1.2134857660575098,1
1,32,0.0,1.9765664990012197,nan,1.9765664990012197,nan,1.4286939918589021,1
1,33,0.0,1.9786302944410301,nan,1.9786302944410301,nan,1.33595120005957,1
1,34,0.0,1.947895888132475,nan,1.947895888132475,nan,1.3867074876607224,1
1,35,0.0,1.9508910225291032,nan,1.9508910225291032,nan,1.3215797788939245,1
1,36,0.0,1.9470723340866478,nan,1.9470723340866478,nan,1.4438641559011487,1
1,37,0.0,1.929137514078126,nan,1.929137514078126,nan,1.301833555564669,1
1,38,0.0,1.924580674206841,nan,1.924580674206841,nan,1.3746970556948708,1
1,39,0.0,1.9020026634704439,nan,1.9020026634704439,nan,1.4847571998152234,1
1,40,0.0,1.8899467299615023,nan,1.8899467299615023,nan,1.5382407758010053,1
1,41,0.0,1.8846600273079133,nan,1.8846600273079133,nan,1.7849157501522164,1
1,42,0.0,1.8743786292715179,nan,1.8743786292715179,nan,1.2983236575083197,1
1,43,0.0,1.8778379505001879,nan,1.8778379505001879,nan,1.1071530434124952,1
1,44,0.0,1.8813781667687575,nan,1.8813781667687575,nan,1.1491979736709623,1
1,45,0.0,1.8825623465513583,nan,1.8825623465513583,nan,1.2031019482280645,1
1,46,0.0,1.8933272175116713,nan,1.8933272175116713,nan,1.3294425919519228,1
1,47,0.0,1.907106162854943,nan,1.907106162854943,nan,1.2859174596634184,1
1,48,0.0,1.8983246565648098,nan,1.8983246565648098,nan,1.2116937179428675,1
1,49,0.0,1.910322237736759,nan,1.910322237736759,nan,1.3051751796161362,1
1,50,0.0,1.919929098320876,nan,1.919929098320876,nan,1.2241335686800547,1
1,51,0.0,1.8947680482187637,nan,1.8947680482187637,nan,1.5209450987095732,1
1,52,0.0,1.9015782256532865,nan,1.9015782256532865,nan,1.5747068195541256,1
1,53,0.0,1.8848406715275021,nan,1.8848406715275021,nan,1.7044934450168423,1
1,54,0.0,1.8735818782751104,nan,1.8735818782751104,nan,1.6223209975049169,1
1,55,0.0,1.861324373743591,nan,1.861324373743591,nan,1.516651057853902,1
1,56,0.0,1.8427459656697813,nan,1.8427459656697813,nan,1.5952281058181792,1
1,57,0.0,1.838623604241486,nan,1.838623604241486,nan,1.0992976694069923,1
1,58,0.0,1.8321153949034508,nan,1.8321153949034508,nan,1.1639007843372302,1
1,59,0.0,1.8260863298801358,nan,1.8260863298801358,nan,1.1465884736397718,1
1,60,0.0,1.8250927898667613,nan,1.8250927898667613,nan,1.3239024901738294,1
1,61,0.0,1.8184732815068643,nan,1.8184732815068643,nan,1.2404054427308249,1
1,62,0.0,1.7946089369735911,nan,1.7946089369735911,nan,1.3731816457952097,1
1,63,0.0,1.7969428568627168,nan,1.7969428568627168,nan,1.2003525173926533,1
1,64,0.0,1.7891547810008586,nan,1.7891547810008586,nan,1.2143833005262832,1
1,65,0.0,1.8077760930463072,nan,1.8077760930463072,nan,1.3587691030449782,1
1,66,0.0,1.8174351580522412,nan,1.8174351580522412,nan,1.2770412186610702,1
1,67,0.0,1.8049346566379232,nan,1.8049346566379232,nan,1.3781928007707962,1
1,68,0.0,1.8198711823239555,nan,1.8198711823239555,nan,1.2456530936655252,1
1,69,0.0,1.8118836652903323,nan,1.8118836652903323,nan,1.2148454656867327,1
1,70,0.0,1.8227407936041125,nan,1.8227407936041125,nan,1.2634198414186169,1
1,71,0.0,1.8294830310195689,nan,1.8294830310195689,nan,1.2254971125254972,1
1,72,0.0,1.8442005594152389,nan,1.8442005594152389,nan,1.1596840976442802,1
1,73,0.0,1.8543293545845567,nan,1.8543293545845567,nan,1.2758595656511973,1
1,74,0.0,1.846563468907344,nan,1.846563468907344,nan,1.2396127673151682,1
1,75,0.0,1.839525241007888,nan,1.839525241007888,nan,1.1346836525824275,1
1,76,0.0,1.838004315888368,nan,1.838004315888368,nan,1.414639105818611,1
1,77,0.0,1.857458575355592,nan,1.857458575355592,nan,1.262606065685821,1
1,78,0.0,1.853715208406713,nan,1.853715208406713,nan,1.4355492083164925,1
1,79,0.0,1.8259354976811921,nan,1.8259354976811921,nan,1.4651100456381352,1
1,80,0.0,1.8190605093813588,nan,1.8190605093813588,nan,1.4511376283793798,1
1,81,0.1,1.818880226439818,1.8085925280267623,1.8200233040412686,1.0,1.870627391292852,1
1,82,0.0,1.8067438662899302,nan,1.8067438662899302,nan,1.3451224409914873,1
1,83,0.0,1.8092068255172875,nan,1.8092068255172875,nan,1.2682045207726313,1
1,84,0.0,1.8178235792751771,nan,1.8178235792751771,nan,1.2728303405388703,1
1,85,0.0,1.8128960388682251,nan,1.8128960388682251,nan,1.5760296597744439,1
1,86,0.0,1.8110561264609135,nan,1.8110561264609135,nan,1.5964857929730418,1
1,87,0.0,1.8067708864911651,nan,1.8067708864911651,nan,1.2440075964223551,1
1,88,0.1,1.814240202149508,1.8071398298761263,1.8150291324021057,1.0,1.9103230593683387,1
1,89,0.1,1.829733653720395,1.8029794341206045,1.8327063447870384,1.0,1.6646188315171382,1
1,90,0.0,1.836124230632145,nan,1.836124230632145,nan,1.219317769537056,1
1,91,0.0,1.8207803533149214,nan,1.8207803533149214,nan,1.3657443807812049,1
1,92,0.0,1.8474929399084896,nan,1.8474929399084896,nan,1.2815990861215028,1
1,93,0.0,1.8455200477549725,nan,1.8455200477549725,nan,1.4613420276779903,1
1,94,0.0,1.8455848522630152,nan,1.8455848522630152,nan,1.2779916469374977,1
1,95,0.0,1.8497001607679877,nan,1.8497001607679877,nan,1.3036673484275598,1
1,96,0.0,1.8482296138707965,nan,1.8482296138707965,nan,1.4983450951412969,1
1,97,0.0,1.8334745792131504,nan,1.8334745792131504,nan,1.4800361279009193,1
1,98,0.0,1.8314920454134764,nan,1.8314920454134764,nan,1.4574674568932933,1
1,99,0.0,1.826738907338185,nan,1.826738907338185,nan,1.1164630310564019,1
